-9.48661335524935
-10.6760126659894
-10.2094436772827
-10.9675426360741
-10.8553460171778
-10.0742917093441
-7.50745274996683
-9.85750161278626
-11.0259538058739
-11.0492691303665
-11.2894703746251
-11.2402643041786
-7.84817917506333
-10.1662722412929
-7.20131633138558
-12.0519198861505
-10.7668740325187
-10.4257516021376
-5.36420477603758
-11.0147205370801
-7.2721394379969
-11.5818229701924
-8.43051266528206
-8.60633556331828
-9.34170019032577
-8.57487414202092
-8.76734645757546
-11.2296605749354
-10.6156339869017
-11.9227978058181
-10.2000914076696
-11.2951207399181
-3.08355902481537
-11.1007456402659
-9.60763694079676
-12.0519198861505
-10.9816660858289
-11.0849160776532
-8.75287896559324
-11.2131158050742
-10.6229809938747
-10.6098821674842
-9.74076083210615
-11.2346879497563
-7.44367537962769
-10.8365342065044
-7.20541507857924
-10.756297288175
-11.8357670388199
-7.30289154194043
-10.5156669011291
-10.3336322169983
-9.70507999769938
-9.20937214164708
-5.88749826745374
-9.47824665024608
-11.1000742232297
-10.7741853699443
-9.37373468943306
-6.6170812865326
-11.848397033893
-7.31623798547166
-7.17186599359257
-8.07386541826193
-10.1686253457791
-9.33680340155102
-8.61452860116929
-3.98058721803107
-10.9533075974824
-11.0910778163666
-11.3995396635618
-7.17565251365044
-11.2425040946174
-8.76962550123629
-8.72700036158057
-9.51221614480036
-6.85527442625635
-10.7256118069873
-11.1581056857684
-11.0223318404992
-6.62533371658222
-9.8685788402933
-8.77997861293205
-6.92798507477996
-11.1704114660966
-10.9288882735174
-10.6006649462174
-8.52338200997492
-10.807650696966
-10.6934640498395
-9.67841800029008
-11.0615216893671
-8.85257095169274
-6.08030687979879
-10.5245479894109
-11.2484106207906
-10.8780179153206
-8.99664799223556
-9.67217740453655
-4.0555506782771
-10.5687054705766
-10.4799164608361
-10.1382008522553
-6.20139564587076
-10.9045793221936
-7.15229318434272
-11.1100172422929
-10.2729485880551
-10.6454705945641
-9.12789166215802
-10.2111203662351
-10.3128794786171
-8.02109089077549
-11.6464547780424
-10.5177419214542
-5.14213067694319
-10.9894511004067
-8.9219904777884
-10.3316896420436
-7.61720939943822
-6.30029921674061
-11.057706903458
-6.01933565075706
-9.14154735910328
-9.69177524152147
-11.2402643041786
-4.4609196911791
-11.7652444783467
-9.83622956005709
-6.78043631293292
-9.77717331796539
-10.456853672752
-9.77717331796539
-11.360617188093
-11.0849160776532
-10.9134298816932
-10.2853526897522
-9.56855094935394
-11.440838721285
-9.72865990111258
-11.7938928208258
-7.71062030870227
-9.83952354201586
-11.776889975353
-9.52020995947716
-7.61768597595458
-11.2071641595331
-10.5140169789732
-8.6274155421046
-8.03341053734866
-9.47411199513511
-8.13945135084082
-7.0521372880211
-11.0849160776532
-11.7877116599218
-10.4794351207596
-7.16104988445154
-4.17076406374049
-6.42422785098659
-10.3807787314444
-12.0519198861505
-5.38597952680539
-10.7649463579885
-11.1704114660966
-8.74408075241763
-10.7643865182596
-9.71456102802706
-4.56090741396506
-6.03071886341884
-6.32229015882169
-10.4333407631552
-11.2167265684769
-11.1102645812816
-6.42004613308697
-9.75899460157285
-11.5191993677461
-2.84544587651249
-10.5471171236187
-8.63696191704257
-10.7889504468398
-9.53482012075725
-11.9062629856341
-11.0849160776532
-11.3995396635618
-10.7402083807575
-11.5818229701924
-10.3285474970083
-11.2425040946174
-11.2402643041786
-11.3398182781661
-7.68667825420068
-8.0259867439136
-8.3324099376264
-11.2402643041786
-9.64112716239612
-9.54805880893808
-7.92127246194667
-10.103319213134
-11.1763578620843
-11.089002640302
-11.4823347793035
-11.3109105519581
-10.3033130640997
-11.3187899341111
-10.9104124118404
-10.1646590634142
-11.2448382288824
-4.78465389211967
-11.1383165200794
-8.62940030550708
-10.3131999242656
-8.79301314833824
-10.1015520305408
-11.3814476642578
-10.9675426360741
-10.7047994731735
-9.50082666884753
-11.057706903458
-11.699460797821
-10.7649463579885
-6.85061534327996
-7.62309332771639
-7.22110587520706
-11.4025754126819
-10.9052602052205
-10.4797385109015
-11.7024885491903
-9.53936750808603
-11.0640289621829
-9.85976340128332
-7.98517203941985
-8.18749771201163
-11.4276419357316
-11.2296605749354
-11.4812795334046
-6.64243834781268
-10.6689737608317
-10.8142667044645
-11.5863300298049
-10.7259377364075
-8.80573084313582
-5.19710536489174
-11.2593128148331
-10.679450969545
-10.7649463579885
-10.2798246642888
-6.08553922079855
-10.1919184293634
-11.5753271633213
-10.2519195476753
-11.3090045069196
-10.2555258621811
-10.7230007889083
-10.7230007889083
-5.12382369389602
-10.6878045518468
-6.25921115775152
-6.55990937074514
-4.1124117397701
-10.2540453129203
-10.3969396431548
-9.20917778332638
-10.4075984597059
-10.5654462474641
-11.1057290697454
-11.359087744207
-11.1893139970882
-10.2975972019342
-11.0335363864767
-11.5637755103007
-11.0849160776532
-8.38737302696573
-6.71525362820872
-8.74086793716211
-8.79907520994719
-10.5108334442316
-11.6517106728951
-11.2333797199388
-10.1864227139176
-11.5269516823349
-6.0651008773812
-6.98757211565867
-9.21951802931199
-7.04068873766001
-11.1188619350489
-11.440838721285
-11.2296605749354
-8.62076361138438
-9.60532418737173
-6.72592576845107
-11.1437479539369
-9.20048632065745
-10.3885728669685
-6.61868248274931
-10.3905763360946
-8.57992006391686
-10.8260521871861
-10.8416097345497
-11.057706903458
-9.5305983484894
-11.0947166853687
-7.33125890963202
-9.22174151563598
-6.73141026784969
-11.6517106728951
-11.0106828613601
-7.3871445216875
-8.69664410644193
-11.3164493666952
-4.16883310851228
-10.6587991867247
-12.0519198861505
-9.47058925810767
-10.3969396431548
-10.6378419947387
-8.68653487333632
-8.19794576229013
-5.09480679491366
-10.5471171236187
-8.67708195815378
-9.05496141426867
-11.2996329363314
-10.2898154240495
-10.0570171635037
-11.4025754126819
-5.54908560809214
-10.6093828754978
-9.95664071783416
-9.43166150192456
-10.6183343223572
-9.61932917016859
-10.257706076169
-10.6971040424299
-11.3779897254512
-10.864876196637
-10.1645151022924
-7.11860853523123
-11.3760102039707
-11.3760102039707
-11.256120131887
-10.972253677911
-11.1007456402659
-11.6469368861944
-10.5243477182767
-4.64250828528635
-11.3564437876901
-7.44946222405263
-10.3342468045137
-8.88351184690254
-10.2363271262669
-10.3613444035695
-11.0544915841294
-11.7246998073507
-9.79378836480429
-10.8573669437722
-9.90216460984612
-11.5863300298049
-10.679450969545
-10.2898154240495
-7.4145721399473
-6.68936004289075
-7.6339686274039
-5.00658160807372
-9.83592025513494
-11.7652444783467
-11.2296506252582
-10.0945801442309
-7.00332362576348
-10.2574118980502
-11.5278805521801
-11.5455356769756
-9.98776449535667
-4.15728440505732
-11.1412793263691
-11.7938928208258
-10.679450969545
-8.25833305648123
-7.94516897663303
-10.7476915407251
-8.37712600291364
-9.88347791981142
-10.5523580549252
-10.1959622687202
-11.7024885491903
-9.92723141398405
-11.3534830594628
-9.98317142225304
-10.6050839887617
-7.7729548721066
-8.64599538196093
-4.69354014563493
-9.26816559600307
-10.8672804519074
-8.34362200628759
-10.3533239251599
-11.2402643041786
-7.30529191459709
-11.4303019307118
-6.09886547008011
-8.35130108451771
-11.2059688306559
-7.99209144990705
-10.1952664706913
-6.55706695187749
-9.76790365424816
-11.1222565752412
-11.0053227355384
-10.6474847784265
-5.17923137024123
-11.2939956897128
-8.18580834856037
-8.30985344510648
-10.6376449223468
-6.8088912005738
-3.92830297210612
-9.72788582142136
-9.62879548079136
-9.27556624709532
-9.74076083210615
-11.2448382288824
-7.99105060790476
-9.53853778192573
-10.3613444035695
-8.77774052916791
-10.1957213002474
-10.6236587689962
-3.96609659416447
-11.4812795334046
-4.74611400654396
-10.8489537464725
-10.1173341699912
-10.5516910483225
-10.0511947684533
-3.43461235591649
-10.8312750642615
-10.4466978293256
-9.78647688479022
-10.9194763069458
-10.0298536083484
-6.87860876991269
-8.64146337634418
-7.93040539091939
-11.1733463840249
-10.6019735593581
-9.35240060309315
-10.5411298523304
-11.699460797821
-11.1137342596379
-10.2649313612264
-10.7400744271248
-10.8393731207743
-10.80373358305
-11.3524086194974
-10.3870922557592
-8.88040323094998
-6.2165585658892
-7.48400813242033
-10.7476915407251
-11.6464547780424
-10.5540268279834
-11.0353736131769
-7.48632670916165
-10.3285474970083
-9.69321683909796
-10.4772642855367
-11.0758144252965
-5.71075200984476
-2.34741079008859
-11.2448382288824
-11.7938928208258
-10.6115898203059
-11.0844042771426
-9.7468010680655
-10.9415266342273
-9.69203172210385
-9.48933813068766
-10.656664886968
-10.1874074788826
-11.0849160776532
-7.54012621377627
-11.0106828613601
-10.5032762345556
-10.3788949897813
-10.71718025097
-10.2264553178001
-10.6662992338417
-5.17372516136415
-11.2349706760976
-7.43816658188416
-11.2869647253115
-10.8217482306232
-11.3383945249266
-10.5641834729804
-11.0287362626889
-11.1235926005745
-9.6857485313496
-5.06270987942297
-6.91686843303784
-10.1310482862673
-10.8807650005159
-11.2296605749354
-9.86743283811969
-8.90197593940365
-5.00689570998204
-10.8012309065541
-10.9077652669208
-10.5103712156365
-10.8034791875566
-11.3714248672448
-10.5105539685469
-4.37642621475179
-9.80244557216762
-9.80860316846931
-10.8274234955398
-11.1249313011447
-9.23699132595955
-11.0201171180732
-10.3706739934373
-10.4467594549787
-11.4413930170368
-10.9683514087347
-11.1584896650061
-7.57515033292185
-10.3699133643665
-11.0849160776532
-7.94373282667023
-9.59659874354579
-9.35432131983276
-10.5500212035193
-11.4161479694682
-6.4178124219271
-7.90550070661421
-10.5598373280737
-10.6023329955459
-10.656664886968
-11.0849160776532
-10.4859922076136
-11.2131158050742
-6.56533246878184
-7.2093539312766
-6.8605774275492
-10.0419735226115
-7.30180125238814
-7.64477488767975
-9.91047836867434
-9.325006711089
-9.91193680820177
-8.82070317085179
-10.8393731207743
-9.40996516358636
-10.8803168511075
-7.96719627070895
-10.2146180863608
-11.0013591926118
-6.54153578113494
-10.8105695952575
-10.2322751324443
-11.2296506252582
-11.083742794793
-11.1102645812816
-2.89285005988889
-6.41438698853694
-11.6553316779606
-11.0585624657468
-11.0014485416467
-9.41969619056856
-10.961464087605
-10.2879989417314
-11.0059288933084
-10.7147133573882
-6.45546757787389
-8.24128012491773
-9.78533619888274
-10.3048910104639
-12.0519198861505
-10.735814218261
-11.3398182781661
-11.0196099450081
-9.05296835692935
-9.13149473518049
-9.58184969598658
-11.1007456402659
-4.45217765629411
-8.04355611867242
-7.72495422501473
-8.02850554675735
-9.86022231399188
-10.6260875186826
-9.53931480385677
-10.4832106815243
-6.34445096006597
-11.2402643041786
-8.99871525591213
-10.9194763069458
-10.5447470388956
-11.5455356769756
-10.9650930408564
-7.06722870399755
-10.8896556318099
-6.1313869359071
-7.67446589345735
-11.1412793263691
-8.14699118721697
-9.44828265904333
-11.51733269771
-6.82822465056385
-11.2296605749354
-10.9501719801615
-11.4276419357316
-10.3659930312915
-11.2462455647869
-10.5631218563166
-10.4877616006648
-10.7369881843548
-11.440838721285
-8.77094574107024
-7.86652273047849
-7.95455770232068
-10.2719458602965
-10.5596279327483
-10.2364029072708
-11.3779897254512
-10.6454757527548
-11.8357670388199
-10.7831700659468
-10.4583172005649
-9.92102856189092
-9.05887737048967
-10.5752860160694
-11.3132303750289
-11.4353686856014
-11.3090045069196
-8.53791006445285
-9.9373464967625
-8.91245489335943
-10.5081621389669
-8.93902697747624
-3.83648557197709
-8.75036681989722
-9.12527121486705
-11.5818229701924
-10.4054745015393
-9.92518714179729
-11.0887465742949
-11.1763391100005
-9.38189674310451
-10.7833274236134
-10.735814218261
-11.256120131887
-11.3731337210264
-5.21129096312488
-8.18360409718766
-10.9035393988114
-8.58324268445531
-9.95024031510352
-11.2869647253115
-11.4161479694682
-9.7698419671207
-11.3090045069196
-11.0400845742835
-10.1281579838904
-11.2996329363314
-10.8553460171778
-8.98793106386241
-5.61970739168321
-10.1180812156629
-9.63775385315445
-11.360617188093
-11.9227978058181
-9.58504693724255
-4.62116059046139
-6.99663605717098
-3.04269112469358
-9.37801647692929
-9.81659384060474
-11.3199913517757
-11.1412793263691
-10.0072458251418
-9.62609553103244
-10.7469821201283
-11.7938928208258
-9.53311068089453
-7.97267962775079
-9.47955202404152
-11.1991287004526
-11.0544915841294
-6.76348746657377
-8.25568615034848
-4.72396983641922
-9.21751866529057
-10.1587903294221
-10.3175356808001
-10.1719215585676
-9.17245996035938
-9.39401623933566
-7.60873647016276
-10.4772642855367
-9.32952069840479
-7.88938540890944
-10.8310807330184
-9.08301545148765
-9.26882660395157
-9.81774378798369
-9.19513635765368
-11.2951207399181
-8.72902236417072
-8.13639754670169
-10.3175356808001
-6.48147214653951
-9.73445295984341
-9.55933020512765
-6.89109999696943
-10.5301950434386
-11.4161479694682
-6.84793779587957
-9.49302934026742
-10.6449781604231
-8.32820353214564
-10.3731672672562
-6.95500631507339
-10.6965633003777
-11.7246998073507
-10.626792499364
-8.48812571530745
-10.3645597228981
-11.1267052084028
-10.2200883677104
-11.3398182781661
-10.7480678619674
-10.9343553282325
-10.1376755720593
-10.1484924469225
-12.0519198861505
-10.9194763069458
-8.28584213373793
-11.0585624657468
-10.883446914241
-11.0663280835187
-11.2462455647869
-11.5278805521801
-5.46238040331536
-8.98823791826465
-11.0679187248305
-11.9227978058181
-11.2890235063517
-10.7379648776604
-10.6468125021248
-10.9035659505362
-11.3920258394384
-10.1352136492665
-12.0519198861505
-11.3199913517757
-10.7582147609856
-11.0880016075447
-10.5655974667752
-9.77996593291362
-11.5278805521801
-11.440838721285
-11.1625221447942
-10.9093383984694
-9.48435680998619
-10.0704902176394
-10.9941704569001
-11.4276419357316
-10.0878667809594
-11.1453685891473
-11.0082749817029
-10.5051256991892
-9.66767386692995
-10.1172283132069
-10.1590773825269
-11.2396938634379
-9.0562603513234
-4.52843856401711
-11.04461728625
-11.3812750705754
-10.7027806879939
-11.4812795334046
-10.9609146337669
-10.9865607313302
-6.16400392187294
-10.4134208571348
-7.90109439165329
-10.6031938018088
-11.1079152402787
-9.07223137458256
-9.28425104232565
-10.7047994731735
-7.56533736148129
-10.7102176790776
-6.59529969459948
-10.4772642855367
-10.5309032136655
-9.39724599843478
-10.9675426360741
-10.2086822457021
-8.56327937928495
-9.59498821608175
-5.62860158537988
-9.67612803161867
-9.33924979401319
-10.8706283297407
-11.1429191395262
-6.44651846273229
-10.6880912015747
-7.54455062879013
-10.6417183242603
-11.464181591911
-8.09126858120065
-4.18184223561048
-11.5278805521801
-10.2412081476726
-11.7359081984551
-11.2131158050742
-11.3820442205063
-10.6466572523582
-11.1267052084028
-11.2053126926447
-9.5014426389582
-10.05206333123
-10.8691516589575
-9.66539517690546
-11.0569456884807
-11.0105490968699
-9.81313861499478
-11.1763578620843
-11.5453717436468
-9.56732019977923
-11.2419999147686
-10.9865607313302
-4.62328220605847
-4.80987284105101
-11.3524086194974
-10.0306171903201
-10.0694426117394
-9.24758734340749
-10.3856135963981
-10.5848758231448
-11.3587727055906
-11.1875663736837
-10.6581336121076
-9.08176216167498
-11.3006935768437
-10.1989434725234
-11.2131158050742
-8.82822582269883
-11.110941657849
-10.7844709905765
-9.83638732242164
-10.8289936315286
-10.8691516589575
-3.35139883358375
-11.7877116599218
-11.2330323994812
-10.280632069083
-11.440838721285
